#SPY
2026-01-05T14:30,500.00,500.51,499.41,499.64,1443058
2026-01-06T14:30,499.64,499.87,498.90,499.16,1408922
2026-01-07T14:30,499.16,501.63,498.76,501.38,1309423
2026-01-08T14:30,501.38,502.14,500.92,501.90,1067886
2026-01-09T14:30,501.90,503.65,497.77,498.66,1971506
2026-01-10T14:30,498.66,500.54,497.30,497.87,1147531
2026-01-11T14:30,497.87,499.03,497.21,498.64,1016871
2026-01-12T14:30,498.64,503.46,497.94,502.21,1246877
2026-01-13T14:30,502.21,502.32,501.04,501.67,1616479
2026-01-14T14:30,501.67,503.10,501.29,502.32,1502674
2026-01-15T14:30,502.32,502.57,500.42,500.85,1092915
2026-01-16T14:30,500.85,501.94,497.46,498.01,1850164
2026-01-17T14:30,498.01,498.83,497.45,497.95,1301747
2026-01-18T14:30,497.95,498.00,497.38,497.98,1386755
2026-01-19T14:30,497.98,501.36,497.86,500.99,1850573
2026-01-20T14:30,500.99,501.60,497.13,498.54,1513243
2026-01-21T14:30,498.54,499.07,495.48,496.76,1368918
2026-01-22T14:30,496.76,496.94,492.57,492.87,1641790
2026-01-23T14:30,492.87,495.36,488.93,489.28,1262949
2026-01-24T14:30,489.28,489.38,487.80,487.98,1354034
2026-01-25T14:30,487.98,489.03,486.43,488.61,955208
2026-01-26T14:30,488.61,489.98,487.63,489.96,1845706
2026-01-27T14:30,489.96,492.50,488.03,491.98,1783135
2026-01-28T14:30,491.98,492.50,490.28,490.88,1298355
2026-01-29T14:30,490.88,492.46,487.92,488.46,1011461
2026-01-30T14:30,488.46,488.54,487.60,488.31,1381955
2026-01-31T14:30,488.31,488.71,486.15,487.16,1243104
2026-02-01T14:30,487.16,489.57,486.19,487.36,1628592
2026-02-02T14:30,487.36,487.49,484.67,484.82,1879439
2026-02-03T14:30,484.82,485.19,482.45,484.39,1757447
#DEMO
2026-01-05T14:30,100.00,100.33,99.70,100.13,1224540
2026-01-06T14:30,100.13,101.18,100.06,100.92,1885156
2026-01-07T14:30,100.92,101.14,100.03,100.28,1428207
2026-01-08T14:30,100.28,100.64,100.25,100.42,1019729
2026-01-09T14:30,100.42,101.30,100.32,101.29,1670231
2026-01-10T14:30,101.29,102.02,101.23,101.85,1422018
2026-01-11T14:30,101.85,101.97,101.13,101.33,1098193
2026-01-12T14:30,101.33,101.87,100.99,101.81,1409256
2026-01-13T14:30,101.81,101.94,101.14,101.32,1535033
2026-01-14T14:30,101.32,101.57,101.24,101.25,1631277
2026-01-15T14:30,101.25,101.32,100.44,100.92,1639061
2026-01-16T14:30,100.92,101.55,100.58,101.20,1111510
2026-01-17T14:30,101.20,101.38,100.39,100.45,945946
2026-01-18T14:30,100.45,100.53,100.39,100.42,1088766
2026-01-19T14:30,100.42,101.24,100.33,101.11,985335
2026-01-20T14:30,101.11,101.17,100.13,100.41,971574
2026-01-21T14:30,100.41,101.70,100.32,101.34,1277908
2026-01-22T14:30,101.34,103.10,101.30,102.48,1798933
2026-01-23T14:30,102.48,103.05,102.29,102.86,1034893
2026-01-24T14:30,102.86,103.12,102.56,102.98,823379
2026-01-25T14:30,102.98,103.05,102.53,102.72,1548712
2026-01-26T14:30,102.72,102.99,102.71,102.91,1982099
2026-01-27T14:30,102.91,103.87,102.78,103.33,847505
2026-01-28T14:30,103.33,103.71,103.17,103.68,955466
2026-01-29T14:30,103.68,103.90,102.97,103.03,979241
2026-01-30T14:30,103.03,103.27,102.77,102.90,1640500
2026-01-31T14:30,102.90,103.21,102.82,103.17,886896
2026-02-01T14:30,103.17,103.44,102.81,102.92,1761954
2026-02-02T14:30,102.92,103.99,102.55,103.78,1344528
2026-02-03T14:30,103.78,104.41,103.56,104.27,1912003
